-g=1e-05, -a=7, -f=80, -s=30
i:0	62897.98114377585
i:50	51694.78803136616
i:100	50361.04869196421
i:150	48838.02586275159
i:200	48177.93597679692
i:250	48177.93597679692
i:300	48177.93597679692
i:350	48177.93597679692
i:400	48177.93597679692
i:450	48177.93597679692
best: 48177.93597679692
routes: [0, 23, 24, 26, 29, 30, 28, 27, 25, 22, 21, 48, 47, 41, 42, 45, 43, 44, 46, 49, 50, 8, 7, 9, 10, 5, 6, 2, 1, 3, 4, 0, 31, 32, 33, 34, 35, 38, 37, 36, 39, 40, 11, 13, 12, 15, 17, 19, 20, 18, 16, 14, 0]
Elapsed time: 153.69346952438354

