-g=1e-05, -a=7, -f=80, -s=30
i:0	66110.39413539098
i:50	51563.23680775839
i:100	49406.35243575298
i:150	48816.895581962715
i:200	48816.895581962715
i:250	48816.895581962715
i:300	48816.895581962715
i:350	48816.895581962715
i:400	48816.895581962715
i:450	48816.895581962715
best: 48816.895581962715
routes: [0, 39, 40, 36, 37, 38, 35, 34, 33, 31, 32, 11, 13, 12, 15, 17, 19, 20, 18, 16, 14, 0, 23, 24, 26, 29, 30, 28, 27, 25, 22, 21, 48, 47, 41, 42, 43, 45, 46, 49, 50, 44, 9, 10, 7, 8, 2, 1, 3, 6, 5, 4, 0]
Elapsed time: 321.9910674095154

