i:0	74205.36420140255
i:1	71115.14272789995
i:2	67619.1681487293
i:3	67420.67937481034
i:4	62615.56183947616
i:5	62615.56183947616
i:6	62615.56183947616
best: 62615.56183947616
Elapsed time: 0.3696308135986328

