-v=1, -dlt=1, -g=1.2423634e-05, -f=50, -ca=1, -a=4


-v=4, -dlt=1, -g=1.2423634e-05, -f=50, -ca=1, -a=5, -s=100, -sch='linear'
